eval_loss = 0.4868577396927905
eval_mnli/acc = 0.8458481915435557
epoch = 3.0
