eval_loss = 0.46946045168518247
eval_mnli-mm/acc = 0.8482506102522376
epoch = 3.0
